Position                  Electron Density  

0.000000000000000000e+00 -7.148400652449178952e-03
1.020408163265306145e-01 -5.009387550629564034e-02
2.040816326530612290e-01 1.442649217847787914e-02
3.061224489795918435e-01 -2.352491693169610210e-03
4.081632653061224580e-01 -4.402291083869030314e-02
5.102040816326530726e-01 3.816261875752331376e-03
6.122448979591836871e-01 6.260878470702899157e-02
7.142857142857143016e-01 1.000878298668897784e-02
8.163265306122449161e-01 -1.096819232427844945e-02
9.183673469387755306e-01 8.059277221102365690e-03
1.020408163265306145e+00 4.040434266561400423e-02
1.122448979591836871e+00 -3.974890800190863569e-04
1.224489795918367374e+00 -3.167771443885580417e-03
1.326530612244897878e+00 -5.023800711502610095e-02
1.428571428571428603e+00 -5.320527651834674326e-02
1.530612244897959329e+00 5.581980715263010553e-03
1.632653061224489832e+00 -2.117290565684219403e-02
1.734693877551020336e+00 4.455529154359621352e-02
1.836734693877551061e+00 1.345964949788153696e-02
1.938775510204081787e+00 6.517249917243227164e-02
2.040816326530612290e+00 1.305598501451649129e-01
2.142857142857142794e+00 3.233704328242816284e-01
2.244897959183673741e+00 5.737122898922101255e-01
2.346938775510204245e+00 8.049815028588921395e-01
2.448979591836734748e+00 7.832986597782054528e-01
2.551020408163265252e+00 5.736776103175333930e-01
2.653061224489795755e+00 3.312319941160645209e-01
2.755102040816326703e+00 1.687423220494492504e-01
2.857142857142857206e+00 6.347535040352703106e-02
2.959183673469387710e+00 3.763987838944687914e-03
3.061224489795918657e+00 -3.769485361273146318e-02
3.163265306122449161e+00 3.140855964393571981e-02
3.265306122448979664e+00 -2.643874183851426668e-02
3.367346938775510168e+00 -5.608417842078776416e-02
3.469387755102040671e+00 2.802981852667483717e-02
3.571428571428571619e+00 -2.797040582100374789e-02
3.673469387755102122e+00 1.506922494537453472e-02
3.775510204081632626e+00 -9.952505478962363206e-03
3.877551020408163573e+00 -1.791499735124574971e-02
3.979591836734694077e+00 8.307455852701567389e-03
4.081632653061224580e+00 9.711403187815728644e-03
4.183673469387755084e+00 1.602945561585336978e-02
4.285714285714285587e+00 -9.674407631350641357e-02
4.387755102040816091e+00 -3.765543649266947512e-02
4.489795918367347483e+00 4.135111206645878702e-03
4.591836734693877986e+00 -3.789296494917561431e-02
4.693877551020408490e+00 -3.887551806164204343e-02
4.795918367346938993e+00 2.889105637029507588e-03
4.897959183673469497e+00 6.249771876473792301e-03
5.000000000000000000e+00 7.076249447110198425e-03
